0 xxxx            literal
1 00 [EG]         patrón en -1
1 010 [EG]        patrón en -15
1 011xx [EG]      patrón en -2, -3, -4, -5
1 100xx [EG]      patrón en -6, -7, -8, -9
1 101xx [EG]      patrón en -10, -11, -12, -13
1 110xxxxxx [EG]  patrón en -14, [-16..-78]
1 111xxxxxx [EG]  patrón en [-79..-142]

[EG]= Elias gamma
0 -       longitud 2
1 00 -    longitud 3
1 10 -    longitud 4
1 01 - 00 longitud 5
1 01 - 10 longitud 6
1 11 - 00 longitud 7
1 11 - 10 longitud 8
...


5, 7, 10, 15, 20, 45
10, 12 [1 1], 15, 20, 45         10, 12 [2], 15, 20, 45
15, 20, 22 [1 2 2], 45           15, 20, 22 [1 2], 45
22 [1 2 2], 35 [1 1], 45
45, 57 [2 2 2 3 3]

{5, 7, 10, 15, 20, 45}

[5,0,0] [7,0,0] [10,0,0] [15,0,0] [20, 0, 0] [45, 0, 0]
[0,0,0] [0,0,0] [10,0,0] [15,0,0] [20, 0, 0] [45, 0, 0] [12,1,2]
[0,0,0] [0,0,0] [0, 0,0] [15,0,0] [20, 0, 0] [45, 0, 0] [0, 1,2] [22, 3, 7]
[0,0,0] [0,0,0] [0, 0,0] [0, 0,0] [0,  0, 0] [45, 0, 0] [0, 1,2] [22, 3, 7] [35, 4, 5]
[0,0,0] [0,0,0] [0, 0,0] [0, 0,0] [0,  0, 0] [45, 0, 0] [0, 1,2] [0,  3, 7] [0,  4, 5] [57, 8, 9]
[0,0,0] [0,0,0] [0, 0,0] [0, 0,0] [0,  0, 0] [0,  0, 0] [0, 1,2] [0,  3, 7] [0,  4, 5] [0,  8, 9] [102, 6, 10]
   1       2        3        4         5         6          7         8          9         10         11

11 []
6  [-11]
10 [11]
8  [11 -10]
3  [11 -10 -8]
7  [11 -10 8]
1  [11 -10 8 -7]
2  [11 -10 8 7]
9  [11  10]
4  [11  10  -9]
5  [11  10  9]


6 [10000]
10 8 3 [10100]
10 8 7 1 [10110]
10 8 7 2 [10120]
10 9 4 [10220]
10 9 5 [10320]
